2015年	3912	1578	15522	17021	10000	22173
第1期
2015年	6491	742	12385	12637	10000	14565
第2期
2015年	9878	10281	11225	11341	10000	12091
第3期
2015年	3880	10646	11198	11426	12000	13702
第4期
2015年	2947	16393	13806	14321	17800	19496
第5期
2015年	2937	19179	18143	19708	29100	31805
第6期
2015年	2939	14948	27310	30113	49100	54237
第7期
2015年	2945	7625	35037	38079	10800	50665
第8期
2015年	3376	7299	16483	17157	15000	23788
第9期
2015年	2969	10822	16410	17028	20000	23723
第10期
2015年	2938	12267	18380	19388	25000	27617
第11期
2016年	2934	12576	18443	19695	25800	28669
第1期
2016年	2940	11541	18918	20477	27000	29043
第2期
2016年	2941	11261	21734	23389	30100	31956
第3期
2016年	2937	12371	25431	27427	36300	39658
第4期
2016年	2940	11479	28353	30914	42600	45992
第5期
2016年	2941	9075	30527	33653	45900	51237
第6期
2016年	2951	7128	31022	34133	36500	48577
第7期
2016年	2949	6719	28965	30680	34500	40501
第8期
2016年	2939	7183	29042	30883	36300	39729
第9期
2016年	2941	6666	30061	32325	38000	40894
第10期
2016年	2941	6971	32511	34823	40000	42516
第11期
2016年	2937	6498	31793	33896	37000	42320
第12期
2017年	2934	6765	28488	30338	35000	38063
第1期
2017年	2949	6620	30416	32551	38000	39584
第2期
2017年	2938	7189	31988	34255	40100	42023
第3期
2017年	2942	6939	34709	37150	41100	44390
第4期
2017年	2945	6822	37354	39147	42300	45573
第5期
2017年	2950	6545	38043	40269	44300	46759
第6期
2017年	2942	6633	38694	40820	46000	47674
第7期
2017年	2941	6978	41346	42702	49300	51282
第8期
2017年	2935	12016	44786	47559	56800	58538
第9期
2017年	2938	12205	45458	48871	65300	67408
第10期
2017年	2941	11039	55612	59967	79200	82534
第11期
2017年	2968	7675	60699	65927	82500	95103
第12期
2018年	2934	5599	53183	56836	10000	71143
第1期
2018年	3366	28093	18799	19938	38800	44954
第2期
2018年	2958	29718	26205	29047	56400	59832
第3期
2018年	2948	24334	31224	34808	68000	71967
第4期
2018年	2955	18208	33043	36573	58000	71845
第5期
2018年	2976	15058	34578	37863	52500	63756
第6期
2018年	2967	13983	34775	37724	51000	57802
第7期
2018年	2944	14082	34657	37260	52800	56713
第8期
2018年	2944	14049	35468	37786	55100	58197
第9期
2018年	2943	13414	36396	39654	58000	61961
第10期
2018年	2951	13615	37972	40930	58900	64986
第11期
2018年	2956	14198	32370	34928	46900	57185
第12期
2019年	2934	28158	24653	27222	46000	50090
第1期
2019年	2947	30286	30423	34136	55200	57644
第2期
2019年	2943	23502	39924	43255	65000	67667
第3期
2019年	2951	17959	41754	45184	67500	71301
第4期
2019年	2951	13856	43955	47034	60100	69873
第5期
2019年	16188	32774	18391	19708	24200	31959
第6期
2019年	9757	27769	19809	21228	29300	32404
第7期
2019年	9570	28838	23151	25107	35000	37048
第8期
2019年	2963	20804	26412	28139	42000	44431
第9期
2019年	2943	15774	28871	30719	45000	48951
第10期
2019年	2950	12822	29060	31156	35000	44929
第11期
